




















31637 

















129847 
















47873 
195002 





38911 











51211 










192739 

154643 
63664 




172114 



130115 
169044 


156472 


53052 
107629 129847 



77017 




47873 
53384 




49344 50653 

110638 








175989 




69982 
111683 







116418 47873 



133001 134903 
188023 


155066 156472 

12592 



5436 



193676 195286 



53663 49344 50653 

174830 




123163 154643 
68233 169044 


123163 
15277 
9533 149828 121954 
62769 

68233 169044 


131300 



144379 

116418 47873 



53663 49344 50653 
11581 

53384 
155066 156472 




161285 158096 161304 
18867 

37416 82481 

106668 180113 

12129 155066 110638 156472 





46709 174830 2954 



128596 
176287 


170714 167317 



146487 


84017 140987 107629 129847 


144379 
32879 188026 
194042 





39781 199012 
12129 110638 38911 
144379 
1562 31637 

170714 167317 

70716 19390 
45282 
143079 51211 

35933 




131300 
189397 

186022 75549 131300 




130115 
161744 


14213 3264 
36211 

134028 
14794 173157 112825 


84044 

181924 
35224 


116494 195516 175989 



125530 18867 

143079 51211 
65332 15082 
52593 186022 135315 76041 130479 
15277 
84017 140987 107629 129847 
150082 144517 
77361 31807 
176287 
159636 

32879 188026 
77361 31807 



47873 
47131 
84044 
86136 
128596 
143079 51211 
52593 
126217 
14830 
75827 
142645 
46778 
31202 
53663 49344 
108989 


12064 
5436 
13374 

32879 188026 
56403 


52147 
47873 
1333 189170 
189397 

97495 

46395 
10877 
176386 39471 154643 
53663 49344 

32174 
187554 183025 133076 156383 

35933 

149413 

90424 

89181 150274 63664 
41160 151372 
1333 189170 150299 86835 

10825 
172114 

142720 155066 156472 
186022 75549 131300 
187950 

77361 31807 

172114 


41160 151372 

97495 
176386 39471 154643 


107261 


108989 
7400 146487 


120672 
47873 


134289 124856 
61588 
76903 149353 
70297 139864 
12064 

195604 179704 140987 


47131 
53663 49344 50653 
12592 
108989 
108989 
95059 

169668 
149413 
35224 

95678 
32879 188026 25491 15770 


38203 
123309 99908 80810 10877 35933 72386 
195604 179704 140987 
7400 146487 
46778 
74495 45688 
28019 49157 
189565 


47131 
95032 119192 

4592 28019 49157 



73787 76996 12129 110638 38911 


65332 15082 

1142 
12592 


49768 
125530 18867 

1964 
86136 
76452 
120383 90424 

83208 9533 

47131 
77361 31807 
148778 
35224 
121571 
73787 76996 12129 110638 38911 
98001 53052 50519 
49768 
19992 35224 
47873 


1333 189170 150299 86835 
4618 84524 
99602 50504 
4618 84524 
74495 170714 167317 45688 
108647 49809 175995 
133916 
121906 86055 
161834 14830 
53553 5436 
124998 10877 

12794 19390 

96687 

1964 
67289 77017 
193281 
1964 
97495 
32523 22334 31202 

136608 
70856 
116418 47873 
34379 46778 
194287 150026 
123021 66062 14213 3264 
37681 48919 46902 
198378 38203 
61588 
34379 35933 

22729 102031 26021 152895 
108647 49809 175995 
181593 
88297 158565 
52593 

4618 84524 
194287 150026 
41653 74710 
141148 57443 178569 
189565 
18939 7400 146487 
28589 123164 
25526 29589 148778 6136 23242 
1964 
70297 139864 
158638 45282 
1964 
162210 
185593 108989 
152134 53949 53544 39679 
53553 1208 179379 183025 5436 
86136 
163633 72471 
22283 66817 46709 174830 2954 

123141 35224 9533 
94258 44431 
13 


189397 
149557 149828 121954 
116494 195516 175989 
196737 85849 161076 44084 153096 170714 167317 
153564 194629 121571 

189565 
120070 121906 47873 



148696 

123141 35224 9533 
116494 195516 175989 
121906 86055 
110567 
32263 
65484 
148052 86699 7727 194287 150026 
99602 50504 
89608 192782 187603 186022 
52593 
138043 29181 168102 
183895 61588 77361 31807 
11185 65484 66817 
192807 19992 70297 127809 139864 9533 

123021 66062 14213 3264 
55701 41160 151372 
110837 110999 136197 
120630 22729 102031 26021 152895 
1333 189170 150299 86835 
46395 
10167 
150836 28589 148530 123164 15277 
7783 46395 36211 
25526 29589 148778 6136 23242 
189397 
102151 101501 4592 134028 75827 
136058 195002 
69120 158638 45282 
174812 
66540 40088 
83208 9533 
15798 178569 
101729 178140 155502 12794 70716 19390 
196737 85849 161076 44084 153096 170714 167317 
193518 
29164 47500 113864 19472 
1208 187554 183025 133076 156383 
89795 59929 85842 
168963 132309 


89608 43014 34379 
150836 108647 148530 49809 
69120 158638 45282 

34366 87998 

90424 
106668 180113 
192807 70297 139864 
89181 150274 63664 
126217 

31740 6213 132085 134289 124856 108989 
67601 182418 42619 
55701 

158514 
189753 
166988 98001 
184297 129113 53663 49344 
10877 
76379 99470 97935 68907 
122791 168963 132309 18939 7400 146487 
107189 185593 12794 19390 

72243 169668 
86699 143755 119715 7727 186809 123163 
155502 70716 
174334 127809 120672 
19245 
123021 66062 14213 3264 
66540 32263 40088 

83698 
55701 41160 151372 
185465 119192 12603 124900 39450 20961 
41315 
185465 95032 119192 
2842 28019 49157 
65332 15082 64378 
183895 61588 77361 31807 

66062 116418 3264 
66744 149918 63855 48653 101587 55767 181724 132322 
114612 4618 84524 
143130 160313 179704 75549 140987 
105430 119873 89608 55701 90424 
2842 28019 49157 
25526 29589 148778 6136 23242 
147058 78276 169206 
107189 185593 12794 19390 
110837 110999 136197 
143130 160313 179704 75549 140987 
32986 
72243 29164 104057 47500 113864 14794 1333 189170 19472 
167164 192807 19992 70297 127809 139864 9533 

98478 105189 120070 121906 47873 

13 

122485 195876 
97277 123655 175995 
130192 72243 166988 
11185 22283 66817 46709 188023 174830 2954 

47946 193676 195286 
156765 193518 
184297 129113 53663 49344 50653 
50519 
54769 
110837 110999 136197 
24668 
126402 177428 16613 66741 77017 
161744 
44330 149525 150970 
119873 149557 149828 121954 
157099 85849 161076 44084 153096 
69982 
72037 110567 163121 94039 1562 15277 155140 31637 
25526 29589 148778 6136 23242 
22022 105990 99970 113909 
47574 
126217 
189753 
143755 176386 123163 154643 
137362 30607 
175876 79812 73787 142720 12129 155066 110638 156472 
168953 82685 68233 169044 
14830 181421 
141484 96672 149413 1333 189170 
101729 178140 
76452 
123309 99908 80810 130115 39471 72386 
138925 
66062 116418 3264 
175876 79812 73787 142720 12129 155066 110638 156472 
177739 139904 161285 158096 161304 
41653 74710 
193676 195286 
113284 
161834 181924 
9207 11352 119715 5624 191444 186809 
98001 53052 50519 
163633 72471 
153432 124998 
80386 194892 
161544 107189 61728 114608 195343 
136608 
165124 89608 43014 34379 
1333 189170 
145536 84017 
122791 79684 150970 188023 
181421 
66062 116418 3264 
75825 72162 34346 156413 76903 149353 
32263 
35933 47916 72721 

193518 159636 
105990 
29181 168102 29741 
47574 
164581 75825 32523 31202 
164581 75825 32523 31202 
199350 158724 181524 80884 132451 86136 39856 
935 30482 123141 1007 189397 
146220 127592 
166630 136133 13600 185331 81254 
110837 110999 136197 
13143 
4268 84739 

148685 77157 119807 53384 75153 
105571 3807 24305 94258 
148685 77157 197252 119807 75153 
199727 193518 159636 
22283 46709 1142 2954 
155140 
2988 183444 5643 192782 187603 163121 108229 71504 52593 186022 
85567 49768 
105481 67289 
74540 45368 144636 
111683 
39691 8818 142645 31666 
39691 161834 181924 165632 115768 
150299 86835 
126458 132085 22729 134289 124856 181593 106668 180113 152895 
151412 91739 41653 74710 
105481 177428 67289 77017 
28025 63525 
50067 88297 158565 
103419 66741 117731 
121906 86055 
197671 191808 47337 27272 56403 
149345 121807 77361 31807 
184297 129113 155502 70716 53663 49344 
126217 

34346 66540 76903 149353 40088 
67601 182418 42619 
171107 46152 98478 120070 47873 
10825 
163112 66744 63855 48653 55767 
162491 130248 
186972 84959 27160 176287 
89795 59929 85842 
32879 188026 
47574 83208 
47337 83208 

187282 161544 107189 61728 114608 195343 
70856 

54769 
156765 174812 
15125 191633 77301 63862 
10825 
32879 188026 
99602 50504 
60649 
129810 90469 101729 178140 
170379 164581 75825 32523 31202 
155140 
174812 66741 
24699 114243 28589 146220 127592 123164 
9733 57650 120433 133001 134903 
185481 15381 40316 136608 63108 85849 161076 44084 153096 117731 
72037 191633 110567 63862 
31570 122791 168963 132309 18939 7400 146487 
106488 38686 84645 51731 
137805 183444 153775 52593 
186972 84959 27160 176287 
157099 85567 49768 
69439 165861 76379 99470 97935 68907 
159161 
4268 13169 173427 
101825 103419 66741 117731 
92563 150977 
129810 165124 89608 43014 34379 
87096 165560 124728 36992 37416 
128951 99880 176605 120630 14865 14582 22729 102031 26021 152895 
126793 47681 143079 144379 51211 
61728 62965 
79812 173427 73787 35224 12129 110638 
199727 193518 129562 
154489 193873 29181 168102 
132362 47681 12794 165632 143079 115768 82481 51211 19390 
20330 39417 184297 129113 101468 53663 49344 
192419 11352 64378 
160673 153432 124998 10877 54769 
167164 174812 9533 
128951 99880 176605 120630 14865 14582 22729 102031 26021 152895 
75066 140915 143755 176386 123163 154643 
105808 147058 95059 138925 78276 169206 
117674 69982 
170379 159537 22882 146718 
192419 9207 11352 119715 5624 191444 186809 
172001 31015 164470 92648 163121 32174 1562 121628 31637 
43966 
32879 188026 
199727 193518 22283 46709 2954 

76445 51984 27495 167321 175876 142720 143465 155066 156472 
62769 

123655 34346 76903 149353 175995 
11823 185465 155245 119192 12603 173157 112825 124900 39450 20961 
167164 155179 9533 12592 
1402 122902 150836 189565 148530 
101468 
174812 66741 
77922 187577 179118 65484 
78689 28756 199653 
174130 85960 199350 158724 181524 80884 10825 132451 86136 39856 
172610 80386 194892 11185 44719 66744 63855 48653 55767 66817 
149918 193281 
16056 61597 124154 98001 53052 50519 
15798 66744 63855 48653 55767 178569 
187159 30992 125530 18867 
65332 15082 
2988 166630 97277 5643 108229 71504 135315 15277 
33696 187327 122902 88508 53431 189565 
148685 77157 119807 53384 75153 
123185 84888 46395 
67884 94497 143130 160313 179704 128596 75549 140987 
131300 
107261 
61597 76445 51984 175876 142720 155066 50519 156472 

146952 105189 137362 72162 156413 30607 
33696 187327 114243 88508 53431 22022 105990 99970 113909 123021 
159161 
123185 191923 141644 84888 122485 195876 
143136 157099 1881 179379 
4313 69439 165861 76379 99470 97935 68907 
147730 66744 63855 48653 55767 
136900 64760 193281 39471 
150836 28589 148530 123164 15277 
83698 
4313 69439 165861 76379 99470 97935 68907 
99223 19867 
47946 34342 193676 195286 
67601 182418 
33696 187327 88508 53431 43072 108703 97495 
192300 163633 82682 
55701 
39691 161834 181924 165632 115768 
16056 163784 84628 124154 69657 144134 18270 63525 77301 53052 
43966 
162850 129810 90469 101729 178140 
166988 98001 
73403 14830 181421 
100757 11888 105243 165124 34379 35933 
133920 22334 23053 
78213 55783 4313 123185 165861 84888 76379 110837 110999 150082 
37812 11581 83698 
162491 76445 51984 28419 69657 144134 18270 175876 142720 155066 
74495 45688 
33696 187327 88508 53431 43072 108703 97495 
167164 149557 9533 149828 121954 
167164 174812 9533 
85567 49768 
97077 51224 62154 157099 29164 47500 113864 157871 24561 116494 
37812 35224 11581 
47594 62769 
60504 74540 45368 144636 
84044 
35299 59782 99880 9733 57650 120630 120433 102031 102955 148696 
33440 197671 127326 197934 107629 56403 129847 
65332 15082 
66525 128951 126458 132085 22729 134289 124856 181593 152895 
149918 193281 
121182 55701 187426 68186 69149 
47594 172001 163121 1562 31637 
166231 127326 189602 97174 170714 41315 167317 

141549 118850 140768 183444 101342 192782 187603 69120 52593 186022 
172610 44719 51560 
9516 118850 193676 111683 195286 
133920 161834 23053 
26774 191923 141644 165560 132362 124728 122485 195876 37416 82481 
69657 144134 18270 
327 47574 130115 
32510 192300 163633 82682 
156765 174812 
166231 170714 167317 
174130 85960 199350 158724 181524 80884 10825 132451 86136 39856 
199727 193518 129562 
189617 141148 57443 53384 
101825 103419 66741 117731 
70937 195920 187950 
162491 166434 94497 6213 187554 128596 133076 156383 
32986 
57013 103011 190745 141484 63525 96672 149413 
168953 82685 68233 169044 
102310 46778 
100620 102485 122791 79684 150970 188023 
33026 
35299 47681 89181 150274 148696 143079 63664 51211 
47946 1333 189170 150299 86835 
22592 
10828 39691 
188687 169596 199727 193518 153775 
56495 36374 192807 70297 139864 
33026 83698 
62187 148052 194287 150026 
136900 75066 72162 156413 176386 39471 154643 
105990 
146952 105189 137362 72162 156413 30607 
151049 66540 32263 40088 
136907 32510 192300 163633 82682 
72243 
69657 144134 18270 
74315 93626 166930 119873 149557 149828 121954 
51987 129810 31740 108989 
17391 187159 30992 120383 90424 125530 18867 
105990 31740 185593 108989 
56495 192807 70297 139864 
44613 83984 187513 128951 22729 181593 83208 152895 
16664 57320 
32986 
78689 28756 199653 
95037 121182 69620 46152 65373 13143 98478 105990 120070 79071 
173427 121906 
188515 32510 162850 101729 44431 178140 116494 195516 175989 
1964 
41810 31015 27495 167321 143465 107261 121628 
145536 84017 
62187 148052 194287 150026 
90286 136138 1402 122902 150836 189565 148530 
21568 24699 146220 127592 
12258 87020 174306 63202 122045 166630 40316 43966 173305 141484 
77922 49751 191299 187577 134965 74257 102151 101501 179118 4592 
67601 182418 42619 
166353 16167 105571 3807 94258 44431 
166323 166988 98001 
177347 87370 87096 
114612 4618 54769 84524 
59782 118850 53949 102955 53544 193676 39679 195286 
140915 25526 29589 148778 6136 23242 
54769 
143136 106488 28419 38686 
72543 32879 188026 
102190 
107261 
174130 86136 
177739 139904 161285 158096 161304 
32879 188026 
119939 101468 53384 
119939 101468 53384 
142245 83984 187513 167164 83208 9533 
131300 
157099 9733 57650 120433 10825 
9733 57650 120433 12794 19390 
193910 
133920 163085 105430 23053 65332 15082 
83850 36374 188687 169596 153775 
10828 101342 153564 194629 121571 
150590 7420 69620 182165 28627 2842 161744 
33440 197671 127326 197934 107629 56403 129847 
140335 165124 136133 13600 185331 34379 81254 
181334 177739 139904 66062 161285 158096 161304 3264 
136900 75066 72162 156413 176386 39471 154643 
194086 186931 67601 182418 
185465 119192 
8568 117674 111683 
166434 174812 1208 187554 183025 133076 156383 
46013 105990 148778 
133920 163085 105430 23053 65332 15082 
115720 29741 
92461 32879 188026 25491 15770 
194086 186931 166988 
145551 163784 150907 84628 58885 
97372 10828 156765 185465 44330 149525 95032 119192 
49203 71870 192419 114332 9207 11352 119715 5624 191444 186809 
34342 
41257 170379 105658 23091 143755 12064 123163 15277 

177347 87370 106488 87096 38686 
92461 32879 188026 25491 15770 
182165 168091 28627 2842 
37812 35224 11581 
17391 187159 30992 120383 90424 125530 18867 
4137 189396 8818 138141 142645 
174334 127809 120672 
62187 144577 148052 113613 194287 150026 
89446 105990 31740 185593 108989 
23076 9898 67884 164470 92648 11185 160313 145536 179704 32174 
194086 186931 60195 
12258 87020 185481 166630 15381 40316 136608 63108 85849 161076 
172725 
75066 140915 143755 176386 123163 154643 
51419 97985 9207 92315 86699 143755 119715 7727 186809 123163 
166353 16167 105571 3807 94258 44431 
149918 193281 
71870 123315 5624 191444 
80386 194892 
9733 57650 120433 133001 134903 
97372 38901 156765 133916 
70140 155140 
34366 87998 25526 29589 6136 23242 
41810 31015 27495 167321 143465 107261 121628 
54769 
107454 6079 119068 139889 57013 16056 163784 84628 124154 69657 
155627 178207 96875 78213 55783 4313 123185 165861 84888 76379 
97372 38901 156765 133916 
140335 165124 136133 13600 185331 34379 81254 
163073 129742 62187 41257 13143 105658 148052 23091 194287 12064 
162457 62193 14351 13344 107963 126793 119873 177750 144379 102047 
119092 140915 112467 127809 
138898 105808 147058 95059 138925 78276 169206 
168953 82685 68233 169044 
166231 170993 15381 25674 75726 196737 7783 85849 36211 161076 
89828 51419 97985 9207 92315 86699 143755 119715 7727 186809 
76041 130479 
43800 1881 179379 138043 39781 199012 
145551 166231 192300 66540 82682 74495 170714 167317 45688 40088 
145551 166231 192300 66540 82682 74495 170714 167317 45688 40088 
49625 185593 126217 
107261 
162850 101729 178140 
139889 133920 161834 23053 
187980 97277 
138898 76452 
192622 44791 153344 85991 189753 
136138 1402 
41358 188515 17391 149557 177812 90424 149828 121954 
79812 173427 73787 35224 12129 110638 
136138 191299 1402 182165 134965 28627 2842 28019 49157 
153082 17772 170777 158423 130192 72243 166988 
9733 57650 120433 133001 134903 
89446 105990 31740 185593 108989 
16664 57320 
27615 177347 188578 87370 199555 85960 66357 87096 79765 158724 
177347 87370 87096 
77800 183444 52593 
2213 52147 
48350 55701 97935 68907 13374 
75066 164470 74257 92648 32174 176386 75827 154643 
129742 22283 46709 1142 2954 
46365 187980 97277 123655 175995 
9733 57650 120433 133001 134903 
45625 43590 184544 139247 188282 64087 34342 192739 
77800 83850 188687 169596 137805 183444 153775 52593 
193053 56495 60649 167164 192807 19992 70297 127809 139864 9533 
65332 15082 
27615 44613 141484 96672 130248 149413 
97372 165560 156765 124728 1964 66744 63855 48653 55767 37416 
62193 74315 93626 166930 119873 149557 149828 121954 
2988 5643 108229 71504 22334 135315 41315 
173639 106410 22592 
10828 101342 153564 194629 121571 
177347 87370 87096 
103597 78213 55783 28025 110837 110999 143755 136197 123163 
169425 23076 158544 176238 67884 170379 82296 160313 195604 179704 
136138 1402 
25766 155502 70716 
146952 46152 98478 105189 120070 121906 47873 
327 136900 157099 130115 39471 
41358 188515 17391 149557 177812 90424 149828 121954 
120709 141549 137805 69120 
54892 4137 189396 8818 138141 142645 
31126 89828 49203 71870 192419 114332 9207 11352 119715 5624 
89446 51987 129810 31740 108647 108989 49809 
125872 51392 3606 135944 151 171107 168744 
194086 186931 67601 182418 
87557 161432 66525 126458 132085 1964 134289 124856 
70937 195920 187950 
90919 72543 32879 188026 
199727 193518 129562 
46067 189617 99880 15798 120630 141148 57443 102031 178569 
48350 55701 97935 68907 13374 
74849 137727 11823 163112 155245 104057 14794 173157 112825 
73811 97077 51224 62154 157099 29164 47500 113864 157871 24561 
89452 167164 30482 123141 35224 9533 
77800 140768 172001 2988 183444 72037 5643 192782 187603 110567 
19917 115720 29181 168102 29741 
66089 170993 25674 75726 196737 43014 
150836 108647 148530 49809 
62226 141094 99223 191808 27272 19867 
121182 60504 31570 74540 45368 144636 18939 7400 146487 69149 
49634 172610 159537 22882 146718 44719 51560 
77922 187577 179118 2213 150082 52147 144517 
94465 177985 103597 155627 178207 96875 78213 55783 4313 123185 
162713 182165 168091 28627 2842 
44460 152599 27615 9898 11185 65484 66817 
3658 92563 150977 
31570 18939 7400 181593 146487 
51492 41257 105658 67291 23091 124900 12064 39450 20961 
51429 136907 59782 118850 163633 53949 102955 53544 193676 39679 
85960 24240 28419 158724 181524 80884 132451 39856 
172725 181334 
83692 112950 105990 1964 66062 107629 3264 129847 
73775 184556 153539 99845 173979 163784 84628 62965 189397 32879 

155370 187282 47574 107189 74257 75827 
130290 90286 60504 74540 45368 19992 144636 194042 
125872 105237 51392 173427 138141 
136470 148685 77157 197252 119807 75153 
161432 66525 126458 19245 132085 134289 124856 
177347 87370 41810 31015 87096 165560 124728 36992 37416 121628 
152599 161544 114608 195343 143755 65484 123163 
106488 38686 32016 
158544 176238 82296 
27615 35299 148696 
15125 66540 40088 
120956 31126 192622 44791 94602 73403 114332 153344 85991 189753 
87251 181593 84055 98547 
119092 175947 13143 112467 95032 116494 195516 86055 175989 
174628 41871 128472 47594 46013 35338 102271 157871 24561 69982 
106488 19245 38686 
174306 63202 100757 105243 35933 47916 72721 
85762 155370 127303 74257 102151 101501 4592 134028 75827 
105237 162850 162491 101729 178140 
85762 127303 92461 55701 78689 28756 199653 134028 25491 15770 
151412 41653 74710 
55007 102190 167164 149557 9533 149828 121954 
83846 20330 39417 184297 129113 101468 53663 49344 
4176 25766 19245 47337 155502 70716 
32510 115720 29741 
74315 93626 166930 10877 
95032 107261 
47774 49625 38515 126217 
60504 74540 45368 144636 
151570 140768 191923 141644 143130 192782 187603 122485 186022 195876 
173498 119092 140915 112467 127809 
143136 106488 28419 38686 
25766 83846 184297 129113 195604 155502 10877 70716 53663 49344 
198631 155370 89446 187282 47574 107189 74257 31740 108989 75827 
87557 157099 85567 49768 
93849 168953 82685 68233 169044 
159657 72459 145551 181334 24240 72243 
174146 46013 79812 173427 73787 35224 12129 110638 
133700 46365 187980 97277 123655 43072 108703 97495 175995 
65332 15082 
4176 25766 19245 47337 155502 70716 
133818 149878 51987 162850 129810 175947 90469 2988 5643 101729 
198631 146962 53068 166395 187282 107189 185593 12794 19390 
71103 162653 166724 10828 199350 106488 38686 84645 44330 51731 
155627 96875 123185 191923 141644 84888 122485 195876 
69328 193053 139889 12258 87020 188578 199555 61597 166630 76445 
12258 87020 17772 170777 166630 158423 130192 154489 193873 
41810 31015 27495 167321 143465 107261 121628 
120956 94602 73403 161834 
158921 10825 
185695 13165 17772 63206 170777 151412 158423 130192 41653 120383 
165412 108550 137362 160711 143755 30607 123163 47131 
197905 138954 52753 47594 62769 
193910 
76041 130479 
97952 125005 157099 164581 149557 66540 32523 22283 46709 31202 
155370 75066 164470 74257 92648 32174 176386 75827 154643 
100844 68049 105808 95059 162210 
16664 57320 
163112 66744 63855 48653 55767 
184329 92884 171883 145775 83382 181724 193281 132322 117731 
32281 133818 2988 5643 63108 108229 71504 22334 135315 41315 
3243 181315 80743 178207 4313 136900 69439 27495 165861 167321 
161569 83098 27535 105808 105481 177428 67289 95059 77017 
114206 7885 176605 25380 14865 14582 
121660 70140 155140 
158760 20799 99845 61728 62965 
85762 155370 127303 74257 102151 101501 4592 134028 75827 
80247 83846 184297 129113 165632 53663 115768 49344 
149878 90469 34342 
138152 115847 150053 29793 62193 140122 17391 105430 119873 89608 
35151 147648 151412 91739 41653 74710 
146952 46152 98478 105189 120070 121906 47873 
162046 181315 31458 48350 55701 97935 68907 13374 
60504 74540 45368 144636 
20330 39417 
67879 
138954 122791 62769 
85762 136470 127303 192622 44791 153344 85991 189753 18057 197252 
121481 173498 112950 33440 140915 197671 127326 197934 107629 56403 
15125 66540 40088 
137727 151049 66540 32263 40088 
35665 140768 192782 187603 53553 186022 5436 
97952 153539 164581 178303 32523 22334 189397 31202 
41252 128406 159032 3606 135944 100757 151 105243 168744 40316 
9093 50278 147648 160673 91739 153432 124998 10877 66741 54769 
85762 136470 127303 192622 44791 153344 85991 189753 18057 197252 
178643 28389 173305 183359 
117108 70164 31193 90286 73746 26120 4268 84739 
46067 128951 99880 176605 120630 14865 14582 22729 102031 26021 
87557 153082 194086 186931 166988 
98675 146962 53068 166395 89446 105990 31740 185593 108989 
174628 149918 157871 24561 
115396 119939 189617 24240 141148 57443 53384 
154237 138898 67601 182418 76452 
152599 39663 178680 34195 113284 161544 114608 195343 143755 65484 
133920 23053 
85762 136470 127303 192622 44791 153344 85991 189753 18057 197252 
54892 4137 189396 39691 191923 141644 8818 122485 195876 142645 
58163 158921 157099 9733 57650 120433 10825 
90517 74686 41871 8568 117674 83698 69982 
151570 161817 174130 80386 194892 66744 63855 48653 55767 86136 
144730 92626 61376 14351 167164 155179 9533 12592 
111010 89446 51987 129810 31740 108647 108989 49809 
122150 90517 147562 37812 11581 83698 
136470 25766 83846 184297 129113 197252 195604 155502 10877 70716 
83961 4256 125005 136304 157378 75825 72162 34346 22283 156413 
48531 198193 50067 88297 158565 
82986 126033 26031 85190 147562 97494 83850 80247 188687 169596 
62226 141094 99223 191808 27272 19867 
152459 119078 177347 87370 106488 87096 38686 
162850 101729 178140 
1087 180155 93212 16318 173684 14711 85960 158724 181524 80884 
86556 115396 90286 189617 31570 122791 168963 132309 141148 18939 
15125 66540 40088 
181315 94465 177985 103597 66089 78213 55783 27495 167321 110837 
155627 96875 123185 191923 141644 84888 122485 195876 
92461 32879 188026 25491 15770 
198387 171733 113835 189602 36992 61186 97174 
65813 21568 24699 146220 127592 

77871 99602 50504 
47774 49625 38515 126217 
35026 7783 46395 36211 
144730 41988 139555 181315 66966 175947 167164 34366 87998 97935 
47594 172001 143755 163121 1562 123163 31637 
129561 196314 12258 87020 88609 18463 140335 166630 136133 13600 
32510 115720 29741 
9313 109462 90517 38901 199980 133916 79684 83698 
24958 31126 99845 114332 62965 
187700 145312 192300 38515 101342 66540 193910 82682 40088 
47774 146962 53068 166395 49625 185593 126217 
52817 127763 169425 96784 170379 46013 159537 22882 146718 50653 
55072 65603 74849 137727 11823 163112 155245 104057 14794 173157 
196388 133818 83825 12258 87020 187980 143136 70937 2988 166630 
170491 1333 189170 
146138 28025 193281 134439 
96608 199665 28025 22334 101587 
158132 35151 151412 41653 74710 
78453 126033 26031 164750 85190 167281 97494 42619 181924 
195604 

