DN
1
A
0


DN
2
A B
1
0 1
2

UDN
6
A B C D E F
8
0 1
0 2
1 3
1 4
2 3
2 5
3 5
4 5
3 2 2 3 4 3 2 1



DN
5 
V1 V2 V3 V4 V5
5
0 1
1 2
2 3
3 4 
4 0
4 3 6 4 6


DN
7
V1 V2 V3 V4 V5 V6 V7
9
0 1
0 2
1 4
2 1
3 2
3 5
4 3
5 6
6 3
4 4 5 5 5 5 1 1 1 


DN
8
V1 V2 V3 V4 V5 V6 V7 V8
10
0 1
0 2
0 3
1 4
2 5
3 6
4 7
5 7
6 5
6 7
1 1 1 1 1 1 1 1 1 1 

DN
10
V1 V2 V3 V4 V5 V6 V7 V8 V9 V10
11
0 3
1 3
2 4
3 5 
4 5
4 8
5 6
5 7
6 8
7 8
8 9 
10 5 8 10 5 4 1 2 4 3 7

DN
6
V1 V2 V3 V4 V5 V6
5
0 1 
0 2 
0 3 
2 4 
4 5 
0 1 4 6 0

DN
11
V0 V1 V2 V3 V4 V5 V6 V7 V8 V9 V10
15
0 1 
0 2 
0 3 
1 2 
1 3 
2 3 
2 4 
3 5 
4 6
5 7 
6 7 
7 8 
7 9
8 9 
9 10 
2 1 2 3 6 8 10 12 9 11 17 19 20 1 2



DN
20
V0 V1 V2 V3 V4 V5 V6 V7 V8 V9 V10 V11 V12 V13 V14 ZLC LZR WQ LX LJL
100
0 1
0 2
0 3
0 4
0 5
0 6
0 7
0 9
1 2
1 4
1 5
1 7
1 9
1 10
1 11
2 4
2 5
2 6
2 7
2 8
2 9
2 10
2 14
2 17
2 18
3 5 
3 7
3 9
3 10
3 13
3 15
3 18 
4 5
4 6
4 8
4 9
4 10
4 11
4 12
4 13
4 14
4 15
4 16
4 18
5 8
5 9
5 10
5 14
6 10
6 11 
6 14
6 15
6 18
7 10
7 11
7 12
7 14
8 9
8 10
8 11
8 12 
8 13
8 14
8 15
8 16
9 10
9 11
9 13
9 14
10 11
10 12
10 13
10 14
10 15
10 16
10 17
11 12
11 14
11 15
11 16
11 18
12 13
12 14
12 17
12 18
13 15
13 16
13 17
13 18
14 15
14 16
14 18
15 16
13 18 
15 19
16 17
16 18
16 19
17 19
18 19
135 800 502 9 668 134 890 483 868 6 902 920 649 66 773 105 700 980 606 996 360 128 368 596 367 219 705 647 296 773 450 0 355 701 865 586 256 373 981 221 476 118 808 741 113 546 336 662 991 164 940 833 337 914 141 619 652 988 625 382 553 458 278 329 67 726 973 680 14 129 677 993 912 307 879 551 473 406 66 46 582 185 708 383 441 672 183 899 947 404 696 498 855 217 121 2 951 106 575 752 



