
-1
81248
74027
32155
-1
74027
-1
-1
-1
-1
47947
44106
43841
44106
45176
81248
-1
47947
74027
-1
54110
93964
54110
-1
74027
57102
47947
43841
74027
40081
1172
74027
39025
1172
-1
93964
90424
39025
-1
-1
-1
1172
31794
-1
44106
96345
74320
-1
-1
-1
39025
92970
25355
19272
86473
93964
23043
40081
17889
-1
50589
-1
84506
93883
-1
40081
62264
26229
66288
44106
-1
8574
84895
74320
61368
84895
31860
66288
39025
-1
3432
-1
74320
86473
86473
31860
-1
84895
-1
-1
54725
22485
40081
-1
27491
-1
1172
7483
92970
57532
-1
61368
-1
77339
-1
33582
80957
-1
95782
-1
15981
-1
13657
-1
-1
48308
98226
31794
88029
84506
86616
62264
92970
23043
61739
-1
7483
41665
8574
80104
93719
93883
42897
61368
-1
60073
26229
18130
29828
50589
76705
-1
40081
-1
-1
-1
47947
-1
81248
-1
78159
23521
62774
29828
-1
-1
66515
10429
41211
78661
55502
23521
-1
40082
89551
-1
-1
35249
96345
54376
57532
80874
70636
44106
59449
-1
60823
15981
-1
14562
55502
-1
43841
81885
-1
44105
35452
3565
6101
39965
87867
-1
-1
-1
43702
92921
22485
30603
-1
70978
24326
77339
-1
3688
54725
-1
22960
3565
8997
-1
39965
24378
41211
22222
18421
61739
75107
33582
90424
49385
51669
19272
89551
-1
48308
6221
78994
80874
70300
47999
49385
97311
-1
84382
37379
-1
68582
39310
47947
82836
-1
51100
10429
31794
21180
54110
62774
98902
-1
-1
-1
88666
66288
-1
-1
-1
61368
79488
8540
95727
16643
-1
74201
70978
-1
26464
57610
-1
9838
76219
57618
43702
46324
-1
23043
47947
54110
-1
92921
89734
47432
54725
9283
93558
93058
74320
-1
-1
-1
55801
98226
80418
24864
60247
10940
-1
1172
28658
45176
63167
23043
-1
-1
26192
93558
-1
19806
60823
-1
89734
-1
-1
71586
70300
83448
-1
64271
84506
-1
57448
1745
62774
-1
31860
29718
47922
-1
-1
-1
74201
14036
66288
-1
41665
-1
3565
37592
55644
-1
73388
93058
57448
84895
54725
29407
-1
45176
87324
96942
-1
83121
-1
-1
13657
64271
29718
78994
28723
23521
-1
33357
43841
57448
-1
-1
-1
-1
-1
60247
-1
26065
86473
15344
46355
45803
79488
61064
43702
80226
1782
-1
-1
-1
46355
-1
-1
-1
26065
632
-1
-1
69026
75107
34108
82797
19020
9838
32392
19020
29220
23996
-1
8075
66453
3565
-1
77088
24378
37078
17725
-1
18421
59449
8997
62264
18130
8574
-1
23521
-1
64844
66423
44358
52333
-1
31860
28723
3574
39842
-1
-1
69654
58860
95782
-1
32392
-1
29631
87009
35154
8912
69478
49215
91555
19481
-1
78159
68684
49777
-1
-1
70012
79624
-1
-1
8075
20847
86474
92921
44957
8997
16529
-1
86111
27155
-1
-1
26723
-1
65094
39842
-1
77356
-1
-1
39842
60823
22960
83448
16529
-1
-1
79316
-1
56859
8764
74201
34178
87119
-1
96942
47922
27650
23043
65878
-1
38135
-1
35452
-1
53644
-1
88029
75401
17629
-1
-1
87867
92242
-1
-1
-1
2789
81248
90424
-1
-1
87119
58860
80957
723
62075
43841
60614
16280
61064
87119
47999
25622
28658
-1
-1
89347
77356
3968
-1
23259
8840
26464
-1
80104
92921
85394
-1
-1
91555
65259
-1
-1
61836
64844
78994
53558
-1
20458
3574
47939
23259
-1
-1
77239
93558
-1
-1
-1
19806
80226
48150
49985
64844
98377
13459
65878
75890
87551
91175
97087
19070
57610
72988
21221
-1
-1
33582
35452
-1
-1
64196
-1
11872
20458
-1
78499
-1
-1
41665
-1
91234
-1
80283
27650
92242
84698
-1
-1
49084
44457
-1
-1
66640
37086
8632
19070
66453
91234
74352
-1
39391
63167
82836
80104
-1
-1
-1
-1
-1
87078
35154
38014
-1
-1
60823
-1
45386
50104
85556
34151
41108
10549
18528
40060
-1
-1
34067
65259
-1
-1
24441
-1
84506
35154
-1
18421
28658
97733
-1
79488
-1
41245
24378
-1
85556
51151
28250
-1
8997
48985
65259
93510
15042
-1
-1
-1
-1
-1
-1
55258
-1
-1
-1
-1
-1
35347
84906
96942
78499
-1
91555
74377
25884
74377
-1
48344
35493
26193
66423
16337
3616
-1
19481
66163
-1
-1
37592
-1
-1
3865
-1
-1
-1
52970
25884
89347
-1
-1
-1
-1
60247
-1
44222
41665
-1
32392
3057
-1
-1
-1
-1
86474
69019
39842
-1
-1
26998
47996
44222
-1
-1
-1
49413
-1
-1
-1
56333
-1
7215
-1
19481
-1
63368
46838
-1
11994
37592
61567
-1
-1
-1
83311
-1
92242
-1
-1
-1
-1
-1
95019
-1
-1
11994
-1
64196
8840
14096
95019
-1
-1
-1
-1
-1
-1
-1
-1
82920
-1
-1
47922
3616
-1
-1
74953
-1
-1
-1
-1
36217
-1
94657
38829
-1
-1
-1
-1
17725
-1
97752
-1
-1
-1
11969
17907
56702
-1
11969
70507
-1
88772
-1
66677
-1
-1
-1
9900
-1
-1
-1
62635
68052
-1
-1
-1
83401
-1
16337
-1
78199
46259
4640
-1
10549
-1
58837
62644
-1
-1
72988
-1
-1
-1
88962
-1
-1
39391
-1
-1
60614
35347
74644
-1
-1
19124
-1
36217
-1
-1
-1
78499
-1
-1
-1
-1
-1
49943
99362
81312
42477
25690
-1
50713
-1
53845
91234
51555
40231
37575
-1
-1
18421
-1
19481
-1
-1
90424
-1
-1
-1
82377
60614
-1
55457
-1
-1
41370
-1
-1
-1
-1
-1
64794
-1
-1
68436
10549
22034
48024
-1
63368
-1
-1
-1
81672
-1
26542
-1
-1
-1
-1
-1
-1
-1
86293
-1
91175
-1
-1
-1
-1
6419
80688
-1
-1
-1
-1
-1
99585
35154
22077
50423
-1
-1
62635
72719
84506
-1
-1
-1
49943
-1
-1
-1
80308
-1
-1
-1
51387
38714
77875
-1
-1
-1
-1
88772
90113
-1
30927
-1
28949
-1
-1
25522
8840
-1
-1
-1
-1
43071
-1
91851
-1
58837
-1
37727
96161
58406
1107
38829
65259
34966
57815
-1
68473
-1
-1
36713
-1
-1
-1
-1
-1
-1
-1
-1
-1
-1
-1
-1
62540
-1
-1
-1
-1
29095
64794
-1
62644
84506
60614
30955
-1
-1
-1
-1
-1
-1
-1
-1
-1
-1
-1
90113
-1
-1
-1
-1
-1
-1
-1
4343
20804
-1
-1
-1
-1
-1
48344
-1
-1
80688
33660
12073
25884
-1
41245
-1
95840
-1
-1
-1
-1
-1
-1
69401
-1
-1
-1
-1
-1
-1
16944
38398
-1
-1
-1
8845
-1
-1
25625
-1
9043
-1
-1
-1
-1
84506
61567
-1
-1
-1
-1
-1
71341
-1
13129
-1
-1
97184
7881
-1
-1
-1
-1
-1
24811
-1
-1
-1
-1
-1
22077
35690
-1
14274
-1
-1
51601
-1
-1
-1
82617
-1
-1
42477
-1
11427
-1
66498
49862
68473
-1
89399
-1
-1
69316
20872
-1
-1
13129
38082
40095
-1
37644
-1
-1
93443
-1
-1
23064
23356
-1
-1
49306
1429
-1
-1
-1
-1
-1
-1
-1
-1
-1
-1
-1
82617
72719
-1
-1
-1
77804
-1
-1
46431
12325
64125
-1
-1
-1
-1
84506
15383
-1
-1
-1
78199
-1
-1
-1
24889
-1
-1
-1
-1
-1
20806
12563
-1
12463
-1
-1
70497
-1
30955
-1
97623
-1
-1
-1
96161
79391
-1
-1
-1
72118
52497
-1
83652
-1
-1
1021
-1
60766
35690
-1
-1
-1
-1
14274
-1
-1
-1
78920
21240
-1
-1
-1
-1
75074
37727
-1
66802
-1
6214
-1
99822
21403
14562
-1
50804
-1
-1
-1
83401
-1
-1
54823
-1
90777
-1
29127
-1
7881
95865
-1
-1
64346
-1
40889
-1
-1
-1
79050
82874
-1
-1
57191
98195
-1
-1
12325
68632
-1
-1
-1
-1
-1
23497
-1
78337
-1
-1
94743
-1
-1
-1
-1
-1
-1
-1
36269
90801
-1
-1
-1
69316
86648
-1
-1
-1
78818
42543
32771
57815
31605
-1
9254
-1
-1
73548
-1
12325
-1
36700
-1
95246
-1
84461
-1
-1
94579
89811
62488
39484
-1
-1
-1
-1
-1
-1
-1
-1
-1
-1
-1
-1
-1
-1
-1
-1
98294
-1
-1
-1
-1
-1
-1
-1
-1
-1
29640
51908
-1
-1
-1
27354
-1
11518
-1
1429
-1
-1
-1
-1
-1
63751
92255
-1
-1
-1
65259
-1
-1
12132
78332
-1
97731
-1
42477
-1
-1
-1
64346
-1
-1
-1
-1
24299
75074
95840
-1
40811
-1
-1
-1
98609
-1
27673
-1
-1
-1
9733
-1
-1
-1
-1
51077
-1
62828
-1
18281
-1
-1
-1
-1
-1
-1
-1
-1
-1
-1
-1
-1
-1
-1
-1
11518
-1
-1
-1
-1
-1
-1
-1
-1
51908
15766
67154
-1
-1
-1
-1
-1
51127
-1
-1
81480
21415
63848
-1
-1
-1
-1
-1
-1
-1
-1
-1
-1
-1
-1
-1
-1
-1
-1
-1
-1
-1
-1
-1
59109
-1
-1
98195
-1
-1
-1
-1
-1
-1
49328
-1
-1
-1
-1
22077
-1
-1
56125
-1
-1
38404
-1
99822
-1
-1
-1
-1
-1
-1
-1
-1
-1
51127
-1
-1
97731
-1
-1
-1
-1
-1
-1
-1
-1
22775
3550
49862
30295
-1
-1
-1
-1
-1
-1
-1
-1
-1
-1
-1
-1
-1
17501
6114
-1
-1
65224
-1
-1
-1
64125
-1
-1
-1
-1
-1
68922
23701
-1
-1
47472
-1
-1
-1
-1
-1
-1
-1
-1
-1
-1
-1
27567
-1
65259
-1
82077
-1
-1
-1
-1
-1
-1
37678
-1
27047
49390
-1
-1
84051
-1
-1
87154
12325
-1
-1
-1
-1
-1
-1
-1
30470
47525
31215
-1
-1
-1
-1
-1
27047
-1
87695
-1
-1
11956
-1
-1
-1
-1
11281
-1
23497
56386
-1
-1
51077
61139
-1
79050
86497
-1
-1
-1
-1
75913
-1
-1
-1
-1
-1
-1
35700
-1
-1
51039
64457
-1
-1
-1
29640
15425
-1
89645
-1
-1
-1
-1
-1
-1
-1
-1
-1
-1
64125
-1
-1
-1
-1
-1
78920
17998
-1
-1
-1
-1
-1
-1
24009
17998
-1
-1
-1
-1
-1
-1
-1
-1
-1
84291
-1
16863
-1
67668
-1
-1
-1
-1
-1
-1
-1
-1
42611
-1
-1
27673
-1
-1
-1
-1
81025
79589
5424
-1
-1
-1
-1
47617
-1
-1
94300
-1
-1
-1
-1
49216
-1
-1
-1
30706
18281
-1
-1
-1
-1
-1
-1
70080
-1
-1
75403
88901
-1
-1
-1
-1
-1
-1
-1
-1
60167
45536
-1
-1
-1
-1
75892
30706
-1
-1
-1
82077
-1
-1
-1
-1
79975
-1
-1
36700
-1
-1
-1
-1
-1
-1
-1
-1
-1
-1
-1
-1
-1
32898
-1
-1
-1
-1
-1
-1
-1
-1
-1
3550
-1
82077
49862
-1
-1
-1
-1
-1
-1
-1
-1
-1
-1
-1
-1
-1
-1
-1
-1
41086
-1
-1
-1
-1
-1
-1
-1
-1
-1
18487
-1
82190
92842
-1
-1
-1
65224
-1
-1
-1
-1
-1
95831
-1
-1
-1
87741
-1
-1
-1
-1
-1
-1
2222
-1
-1
-1
56204
-1
-1
-1
-1
69957
-1
89511
-1
-1
96591
-1
-1
20321
-1
-1
-1
38404
-1
-1
-1
-1
-1
35938
-1
27533
-1
-1
-1
-1
-1
-1
-1
-1
-1
-1
88344
-1
72788
-1
-1
14795
-1
-1
-1
-1
-1
-1
89889
-1
60167
-1
-1
-1
-1
-1
-1
-1
1125
-1
44004
-1
-1
-1
-1
22435
-1
-1
-1
-1
-1
79589
-1
66067
-1
-1
-1
43324
-1
-1
-1
-1
-1
-1
-1
-1
-1
-1
-1
-1
-1
-1
61560
-1
-1
-1
-1
-1
-1
31215
-1
-1
-1
-1
-1
-1
-1
-1
-1
-1
46961
-1
-1
91628
-1
-1
44042
-1
-1
-1
57479
-1
-1
2222
-1
-1
27129
-1
-1
-1
-1
-1
-1
63740
-1
-1
-1
54616
-1
-1
-1
-1
-1
-1
-1
31430
-1
-1
-1
-1
-1
32255
-1
-1
-1
-1
-1
42930
-1
17753
21984
-1
-1
-1
-1
-1
-1
-1
-1
-1
-1
-1
19710
-1
-1
17753
-1
-1
-1
-1
-1
-1
-1
-1
-1
78965
-1
-1
-1
-1
-1
93856
-1
-1
-1
-1
-1
31988
-1
-1
-1
-1
-1
-1
52733
-1
-1
-1
82924
-1
43633
-1
72814
-1
-1
-1
-1
-1
-1
-1
31715
-1
-1
-1
-1
-1
21257
-1
-1
-1
-1
-1
66461
-1
-1
-1
-1
-1
-1
-1
81358
-1
-1
8035
-1
22189
-1
97463
-1
-1
-1
-1
-1
80283
-1
-1
-1
-1
-1
-1
86668
-1
84023
-1
-1
-1
22435
19098
-1
25638
-1
-1
-1
-1
-1
35714
-1
25691
-1
-1
-1
39731
-1
-1
-1
-1
-1
-1
-1
-1
11513
-1
-1
-1
-1
46338
-1
-1
18237
-1
-1
19710
-1
-1
-1
-1
-1
-1
-1
-1
95450
90385
-1
-1
-1
-1
-1
-1
-1
93389
-1
-1
-1
58835
-1
-1
-1
-1
-1
-1
-1
62209
32898
-1
19645
-1
-1
-1
95539
-1
33554
-1
-1
-1
-1
-1
-1
25841
-1
-1
-1
-1


