
40 50
5370 -5952 -8905 -3533 5793 -9045 -7032 9939 -4855 -5572 9706 7349 5850 2265 -9108 -6191 -8911 5120 7433 -6922 -3207 2832 -8759 -403 7457 706 3288 4915 5924 522 1119 8788 -6165 -8573 30 -2846 858 -2736 -1842 -7138 -4579 -3308 2997 3850 2451 3821 -8773 -5115 -8482 -4655 
-9862 -2665 334 -2141 2200 -3130 373 9701 2942 1361 8156 5406 2362 89 -4640 7997 -7231 -186 -5080 -9661 1328 9961 4457 345 2027 7965 -6813 -6349 3265 -4653 -7088 4801 -568 8836 3505 3964 7851 -2010 -4154 -3264 9389 2572 7614 -1788 4643 -7779 1691 1765 -7020 9261 
-6589 3673 9509 -4720 -6157 -7098 -905 4183 -121 9781 -316 5388 -3679 -6680 -4428 -8005 -1076 6366 -8093 -4866 -2690 -6245 -6228 8484 7962 -5603 -4828 -984 -909 3697 -1413 -4514 -7604 4893 -5533 -6349 479 -5939 2745 4139 9609 -1313 -5441 -5021 3654 9367 5819 -6625 -3618 8000 
2083 -139 -8727 -3856 -2133 4947 6440 8094 -3322 -5439 -4022 2615 -2967 -1665 -1911 6124 7765 1305 -3210 -8385 1999 -4353 -1395 2395 239 5003 -5904 1174 -6251 -1103 -6287 3153 1328 -2422 -344 -9065 -4581 4753 -9718 -205 -4258 -1535 -9165 9026 9492 -3200 5573 -2273 -4477 5669 
-6100 -8773 4310 4559 -4439 9868 -8269 -5310 82 5230 868 1806 1038 -3075 -967 -8368 9776 8754 9525 -765 -7328 -9358 2626 -2276 9577 -9503 -6944 -3376 1723 9422 1394 5002 -5013 -546 7712 -4971 4975 3841 1136 -5673 6933 6702 -8358 -2822 6823 6962 -8029 -4601 -131 -5554 
-3909 9228 -1733 -590 -5024 -8541 -1807 850 -3391 6626 6750 -6812 -6737 -7283 -877 -8994 -1198 -8839 -6343 3747 -1974 1667 2282 5420 2462 609 -8584 -8549 3403 7050 -8590 -5111 -2022 8432 -6314 2934 -9886 8233 7407 -4850 359 9005 3136 -4965 -3082 9097 7201 -5036 3059 -1120 
9378 1774 7037 3907 6383 -8193 -4220 8968 -7563 -7191 -7144 -6100 -2321 7824 -5196 -5348 8054 6489 -5952 -1774 -3534 -3794 -6614 8134 -7078 6069 -4078 5461 -1457 652 -5662 -1689 -9704 -9903 -7599 -1910 -4820 -6851 -1603 6394 1547 -5047 -1193 -5645 2298 -1601 -7564 5027 1458 3191 
-1992 9602 5492 6333 1076 -984 1999 4660 6844 1269 4039 -7422 -3950 715 9436 390 -123 -3936 -7929 -977 3264 737 -6365 8682 -6640 -6143 3681 -3448 -9722 -4109 6151 5254 4705 6896 2655 -1872 5195 -7929 9390 4007 -9562 -6462 1749 -623 7530 330 9241 7263 3789 -3337 
-9897 6362 6537 5735 -1594 8958 -3119 5844 1402 -112 -8836 834 3160 4446 -377 9984 -7381 -4235 8991 3006 -7002 5644 -7560 7940 7367 3758 2980 6727 -8124 -4546 6836 -8409 -4243 -4168 -9000 -3571 1710 1132 4139 -3564 162 4487 1592 -61 -4905 -7425 4865 133 8324 -390 
9636 -302 6554 5318 -7009 -5865 -9803 5649 -4205 6616 6269 3167 2298 1245 -7900 -6821 758 -7698 1644 9025 8510 -4166 798 7870 3326 7058 -9844 9943 -6077 -5498 4386 1596 -2263 4676 -3407 4746 3519 9288 2694 3052 -6820 -6106 -4059 -761 -1437 2984 -6150 -2408 -4312 3929 
-2360 3101 4419 8070 6381 -7663 -6458 1632 7842 -7387 1254 179 3588 6591 -256 -6729 -8900 1911 9798 -2659 1215 -3422 -1986 -1545 2328 8794 9368 -5408 -3078 -2399 5980 -7537 5982 -668 1997 3134 6046 4771 -5372 1000 1908 6728 -7905 537 8068 6505 1263 4609 5483 -8881 
4642 -3893 1391 -9384 1679 6143 1958 -2793 1037 -676 -7813 -1691 9170 -4734 5377 -6110 -2977 2481 9304 -989 -8614 4382 7653 -5336 4644 4448 6851 2348 5143 738 9335 -3096 -916 3427 5474 775 -2883 -828 -154 3989 7231 -541 -4069 -7421 -6025 5662 7368 -2992 2666 5877 
-8270 -9284 4192 -1890 4768 -5478 -9063 -9113 -6039 -6034 4550 5290 9394 2447 -3150 -8391 8504 6265 3240 646 -8395 -5916 -1537 -1190 7915 8073 6017 -6970 -6316 -3530 -5273 2639 5321 3604 9591 -7349 9133 -946 4048 2122 -5261 6360 7966 4913 -4827 -4349 -5488 -999 867 -9033 
-4466 1384 5987 -2163 502 9511 2965 4012 2502 -1498 -5636 -881 -4483 9320 -1854 1235 -2469 -6703 -9895 -3073 -6089 3175 -1209 2616 -9815 -4899 1153 9142 1690 97 -4155 -900 2228 4104 -2271 3518 -452 -6816 8263 850 -8865 -9469 -5233 6732 -6881 -7811 -7379 -2169 -8683 1086 
-13 -8412 -968 2574 -5829 120 -1117 -6028 3322 4894 6298 3860 -5971 -9009 -8265 -6332 5409 -332 -8055 -250 -9238 3271 3146 7018 -2698 -1922 -2386 -4750 -7847 -6260 196 -7125 -2240 1777 -2454 284 -4467 5639 4823 -9055 -3431 -7018 -9408 1934 -8349 -3012 -3012 -4072 6211 5148 
-9262 6637 -6223 1686 6657 -922 -2209 -70 -5056 8004 -8674 4605 5743 4460 -8981 4278 -4354 4173 -6873 5257 7168 9075 -1557 -2496 -8489 2395 31 -1765 -7277 8323 2109 402 4260 -1569 9938 7800 5133 6501 -8556 5539 -3067 -6860 3938 -2149 -8427 6389 -9377 302 -8565 -7352 
8384 -5044 3759 2279 8546 -3212 -284 -8094 5726 -2750 -8761 3077 5907 -4297 7786 2801 -4269 9967 -1226 8923 -608 8190 -2388 -8901 -8979 -2628 7343 -7463 2989 -2576 1501 5818 -4870 -3597 -1923 -9199 -4177 4682 4125 -9420 2975 218 5747 -7153 7512 -6636 169 4017 5315 -5569 
-9858 -8387 3427 -9345 -3606 -9954 2890 1218 9074 -5857 2409 -2606 9616 149 -3357 -1947 5013 -8529 620 4738 -9104 4553 -2822 5750 -7257 7138 5784 -8759 3306 382 3044 2530 -367 -5744 -7888 2013 1559 -8738 -2583 7110 4533 2910 8937 1741 5771 384 8870 9856 1892 4449 
2867 7398 -8592 117 1409 -404 -9472 -7291 5985 5955 -2829 -5363 5591 2727 -7634 -5725 4567 3406 8752 6841 9043 -557 -7282 46 -5200 -769 9185 -8430 -9247 6064 -6449 -4649 3464 -4520 -823 9143 3680 1928 -2328 -2941 6949 -3039 -2155 -6436 2538 -2937 -6157 -9371 3375 -6486 
-979 5979 8698 659 -4224 -7125 4268 -5423 8014 5879 465 -4965 2757 -7420 -8470 1004 -3568 933 4115 9409 -3500 2507 1173 -6900 2947 -5427 -2786 1694 2630 9233 -9869 127 9391 411 3548 -6899 -223 6971 -3688 3511 -3785 -5818 -8652 6583 71 1418 4528 -9409 4040 2480 
6554 1471 -2344 6509 -5720 -5264 8726 -3727 -364 8645 5031 3312 2541 4389 -6083 -8110 -4596 8788 -7413 8325 3746 5743 5146 2466 -4536 -8690 -243 -4129 -6556 5252 -685 870 -4546 1724 5635 -1329 -5526 747 -1932 -4735 -6991 -8652 -7006 -2568 2614 2993 9608 -5648 -6516 -9240 
-5771 2047 -3416 -3551 343 4611 -1179 1650 -1716 -7239 2595 2461 8269 -6383 5745 7274 -3998 2121 -848 -6309 -7427 -2278 588 7838 -8215 1888 -7719 -3389 -7918 -7694 -3171 7630 -1874 1937 8375 -3822 -7673 4865 -3595 9709 -408 -7501 199 -2818 7105 -1824 3310 -840 -3393 1359 
7812 -5424 4258 -2361 7342 8714 -9434 6556 -4550 -2419 6149 6011 7156 9522 -5941 -7235 7654 -3331 4857 -567 3251 -642 -2099 -9633 2246 7502 5972 5509 -2553 -2604 -4439 -29 8551 6833 3021 6023 -8563 -5798 -691 9590 -5178 -1402 -614 3115 2410 -7717 165 2275 8281 -5312 
-4041 1163 9662 -7552 7435 2953 -7985 9059 5763 6730 -6406 7409 9755 -6243 -3064 9233 -9276 -521 -369 1573 -9543 9781 -8238 -2189 4722 8162 215 9232 -6159 990 1741 -1128 7340 -9974 8030 -139 6358 -9854 4199 4753 -6521 -1865 2605 -4653 2437 -4823 8169 -6897 -7776 -5844 
-8637 8279 2163 7229 9209 5401 2549 1463 -8156 7994 -3087 -2868 8637 -9200 5566 -1155 -5714 6555 -4297 1156 5154 -5323 2145 6801 141 -6446 -3035 806 8367 -8619 8717 -4522 -1365 -3954 -7754 4192 -314 7018 6031 3790 6798 -343 -3102 -9564 -4386 -6701 -7856 -8473 -186 -4869 
-3075 -893 -6561 -6747 5436 4116 -6855 -1512 1466 1237 2797 196 -2593 -4011 3377 1251 7127 9646 6063 -3333 -7952 7506 6771 -4579 -2705 -5426 7603 -7751 3276 -2092 -4382 8904 -9621 -5190 -7717 -9881 6917 -5414 5813 1195 -4378 6 7667 278 4803 -1699 2247 -7115 -9935 6878 
4263 8315 -7017 -9651 -6495 4659 -8363 -9372 6403 8662 4429 -357 6388 -3259 6948 -9198 5675 1071 -2704 -578 -2567 5405 2484 -8385 -5675 8627 -1962 -5857 8827 3817 5353 2625 1152 -8849 2916 -6202 -8706 -9416 -9376 5094 2067 9917 3931 8237 6895 -3940 1223 9615 -8019 -6935 
-5653 905 722 -8571 -6067 -4450 -284 -9123 1303 8970 3316 -9190 -5193 -715 1687 -1834 -2310 5849 -1484 2639 4588 -395 -8613 3294 -3608 -8442 5515 -9492 -4794 -5031 -8580 -3784 -9212 7590 9449 -8881 9722 -7320 -5019 1759 -2843 1089 7374 9414 -2651 -4614 448 -9251 1660 -2604 
-3378 -2604 3147 4114 -319 1539 -6315 -919 5972 144 -6421 1936 -5705 -7408 -2002 1659 2980 1081 -715 7047 -839 -7609 4794 -4656 -7913 -9041 312 -5331 8405 -9171 -9282 3515 -8692 -2109 -3347 4726 2474 1252 5101 6366 5587 -5277 -6614 9900 8859 6803 -5025 -3459 5198 3004 
7008 5562 3894 1005 -2063 -1015 -3720 3930 -1670 265 8734 9250 -3433 749 -9938 -5118 -6463 -5420 -4805 779 -3694 6782 8933 7068 7161 -3101 7846 2234 8936 -971 6179 -2700 -6167 -741 6634 -5676 2170 -316 -2343 -1285 -7229 -25 5833 5613 3349 2359 6122 431 8990 -651 
-3727 3361 -1989 -6675 -66 6626 -5879 2375 -4164 -2373 -4172 8030 6127 -6098 -2028 9799 8948 -5399 -58 -1751 -8162 -3302 -6494 1432 7268 4559 -5590 3235 -1091 2460 9151 -1193 2224 -9824 3887 -5658 8229 5856 3228 7649 9588 6910 -444 -7766 7506 3596 8361 -5804 -5061 -8133 
-5564 -2346 -870 -6148 323 2202 494 9227 3865 -5049 -2839 2561 9501 2594 2943 9207 8021 9068 5684 177 2407 -9074 1670 -8855 9479 7751 -6582 6200 -7062 4634 -2418 6736 9023 -8866 -4610 8046 3195 -2896 -8288 6010 -3270 -9144 -6337 -5106 3453 -9174 -1808 1913 8651 -2248 
3362 -2079 -4215 4504 3507 -8773 -9511 -3767 6616 -8327 3714 -3779 1869 9124 4495 -7445 -5653 2084 501 8772 -6938 5343 2415 8134 8290 -5110 -5109 -2206 -5507 6388 3540 -9505 535 -6862 -3549 2277 1975 1697 9100 7809 5587 -7302 -9404 1 3987 6133 3348 8447 -7569 -4760 
-9293 6631 -1106 5179 -7013 2217 -2254 1805 3785 7365 -4249 -9331 -6300 5885 -3929 3666 -388 -9106 -9305 2660 -7170 6284 4440 -6740 -3983 -5449 4649 -1329 -4510 -7327 2169 -7145 -6851 4000 -2634 -2474 6425 1660 -190 364 -2855 5970 7596 -52 4056 -1360 7068 -3787 373 3760 
8045 -6731 -4077 -5722 -2141 6634 3501 7257 199 2245 -7537 1300 9296 -5776 -9343 1891 2747 -418 5376 6200 -7613 -44 -9157 -7930 6080 -9691 -8448 -1488 -234 -6202 -2363 681 -275 -234 6425 5129 861 -8136 -1082 -8242 -149 -9614 -143 -5972 -7800 7442 9546 -9373 3067 -1395 
-1220 3773 -8422 -7864 8374 -1731 2066 6632 2770 -6247 -5871 -8190 4934 -8147 6284 677 -2840 -6741 5833 -5853 1932 5978 6533 432 -4674 -969 -3679 -8206 4797 3966 1086 81 5520 2821 8780 5546 -2907 -9544 -9460 3979 842 -3774 8216 781 5405 9224 1775 -855 -9402 3809 
-7475 9522 2699 -1263 237 -8570 -3823 -257 -2257 -2389 7805 -8163 -6447 -5908 -4811 8112 5325 5461 4552 -4371 8664 -5988 -9433 -3056 -1938 -7369 4759 -938 9494 7969 -939 6297 -8520 -5199 4548 -9598 -3239 8697 -8749 6378 -2851 -7742 -7799 5296 2602 3316 4926 -3628 -8311 3189 
480 -6045 6437 4970 -5717 2743 8368 -3894 81 8031 -1967 -9779 2157 -40 -3047 9881 -6611 8112 5370 1044 7978 -1541 2908 -974 9587 -5584 -4959 -8768 -2180 -9407 -5084 6690 3126 8258 22 5701 -9032 -5245 4481 -8846 -2187 4905 5269 9431 6441 -8956 342 2819 2017 -9413 
5322 123 6208 -2043 -5238 637 9160 -9989 -5765 -9889 3689 7021 -199 5292 6212 -5298 2226 -2663 5088 -8679 -3995 -2456 7595 8228 -1765 763 -3481 4829 -6106 3164 -2306 -6572 -8407 6525 -7386 -9985 2650 -357 -1827 -9411 8178 -7842 -9237 -5913 2904 -5903 4794 -7536 -7897 -3173 
4266 9445 9015 4016 8984 5594 -1810 -1771 4818 -7852 -2674 -5044 1697 5978 2915 6595 3622 -9603 2107 -8848 7287 -9391 -5698 -890 4388 -1007 -4510 563 -31 -10000 270 -8535 302 4995 -9167 -6613 -9919 -1518 -551 -7446 -2089 5319 4291 -2369 -2870 2226 -4933 -1011 -8174 5010 
-685 -2202 -7797 5897 -5539 934 -1593 -8358 9002 1730 -6559 -5739 6694 8399 1785 -3087 -72 9862 2520 -5508 9560 2482 6837 -449 -8984 6133 -6154 767 -896 5483 -2945 9690 -867 9183 2030 -1458 -7030 5998 -6030 -9214 -613 1536 988 -8673 -3497 -8962 5590 5568 4838 8248 
-8435 8862 515 320 -4946 -1566 9274 5989 -5090 -244 3955 110 7216 9455 5774 -424 -4533 5343 -7906 -7160 3129 4596 -8254 -341 -245 5257 1381 1248 4777 53 3365 -5806 6281 5782 4419 -1743 1341 -8755 2375 -6541 9179 6086 1455 165 -9996 7219 -1445 3027 5826 -585 
-9070 7986 -28 4104 -6175 2626 -1627 9763 -7127 -8514 7646 6275 -2776 -7782 5839 -5199 -7719 9340 -5074 2926 -9185 5088 -6048 8168 -4027 6000 -9522 6247 2534 2339 -2588 7692 -9299 -2432 6673 -3427 4604 9487 6546 9983 9736 -3105 -6321 -5433 1341 592 -3820 7421 68 -2668 
-4171 5955 -3053 725 1032 8551 -7490 7494 235 5529 -2228 -4922 -7086 6304 -8063 -9084 -884 350 7846 -1424 -6333 7651 -5678 9381 7830 -6505 -6806 940 5002 -5255 250 -1499 -5898 -7570 -169 8240 -9137 3884 -1967 6147 -6062 857 -3215 -6050 -8360 7316 2058 4353 -5697 4514 
-2913 6429 -7564 -5560 5778 -6924 -7435 896 -5053 3965 2087 2042 -2059 8987 4170 -4290 -4146 9233 -4144 8340 1519 8918 965 -8897 -3450 -5419 4489 6314 3 5926 -3440 -9371 5365 -4536 -6669 7655 6488 1612 1619 -7004 1582 -4193 727 -1232 -571 -1028 2236 7978 -6125 -816 
7458 -2558 -8040 8192 -8529 7651 -60 3421 6334 -1940 685 2138 -1891 1541 -5217 -9635 3180 747 -2859 5979 8574 3484 4195 -627 -8895 3338 5912 -8402 -5261 6425 -2154 3106 8508 -7144 4292 1984 8630 -8442 2670 2997 3644 8969 -7703 -3078 -9749 9495 2817 959 727 8502 
-7407 3976 1124 -6104 5740 -6371 7732 5203 -6869 4992 -3803 5575 8095 4624 7033 -6532 -8319 9896 255 -558 -4828 -8208 1478 7690 -9271 -6280 745 7558 9347 5872 -9939 -7099 -8645 -5440 5565 9507 -3861 3346 8267 2392 -5986 8361 8517 -6834 -9225 8550 1988 -5813 5682 9981 
1110 -6103 -8413 -562 3455 -8272 -5319 3945 -8592 8864 -7115 -893 -7193 1246 4610 -7564 5182 -2712 5866 5774 -4356 -801 9885 3467 -6939 46 5446 -6607 1978 -8098 4980 -8434 -8399 -8069 -7116 6983 -3168 9332 7989 797 609 8979 -7860 -8414 -2591 -3342 1820 -5586 -6331 -3741 
5316 7058 -6322 6247 -3187 -279 3768 4151 5969 507 4731 -9111 8646 -9538 2174 -3998 -4935 7094 -1241 8879 8799 6096 -7577 -5897 5060 -6993 3346 7647 -7906 -7264 4564 959 -5907 106 9509 8326 30 -4927 9143 3025 -1432 9954 2864 2471 651 6312 -132 -5743 -903 -8391 
-7354 -9671 -2851 -4066 -1418 3757 -4795 9778 3393 1293 -804 -16 8847 3507 3332 -3623 -8772 2830 -8749 -9580 137 -6504 707 4190 7786 -9693 6000 -1381 3088 3858 -3080 1132 2077 4998 7656 2110 6839 -804 2613 -5717 1184 -1468 -3432 -7312 -3887 -371 -9057 5980 -6317 6424 
-4509 -2954 6108 6712 -1353 -1695 -1676 3363 -1689 2364 -6451 -3914 1358 4486 33 4486 9186 -2711 -9789 5712 -6438 3520 3643 -2815 5282 -1789 8607 9181 1700 -288 6858 -7940 9952 -7752 -85 6149 -916 7694 1136 -5054 -9743 -6947 7670 176 4253 1149 251 -8476 6659 1204 
5792 -1840 -1840 -4266 -9167 -6680 -5744 -2860 -6358 -9187 -6493 -6588 88 -5509 3708 -8043 -5962 2387 -8486 -9969 9293 6967 8032 -1674 -5439 -8133 -8300 -3612 4292 4315 -8914 -3796 -7608 7577 7480 181 -5670 -1269 -1841 4289 4600 -9445 3893 3364 -3980 9251 2028 9335 -9182 8539 
-5534 -9504 -6567 -1863 -6992 3534 9256 4733 -1621 2616 -7169 -5931 6911 -1284 4158 -9260 -1155 66 -1040 -9195 1280 -2800 5484 -3414 -5052 2800 1154 -7221 -4087 9545 -4477 -1151 -8777 3989 -1922 9211 7547 8901 4486 3218 -2764 -723 -6173 807 3666 -6330 -9093 8571 -8860 4760 
89 -6023 -5836 5989 -6014 -1279 -5468 9923 1103 -3241 -7072 -4191 -8392 -1266 3960 2428 3204 6451 -7445 501 -4953 -2567 2962 1812 -6722 -4594 4006 -6547 1744 6161 6309 9736 -7340 8941 5999 -2188 6877 -3334 -9981 698 444 2284 -4168 -9844 1268 -164 -4284 -1589 2404 4540 
-9907 6972 -123 -515 -9617 -9072 862 3129 6125 -7994 5126 4045 -8939 6060 1441 5939 -3125 -2458 -1557 -7515 5946 6247 -614 263 -4812 -2867 2013 -2461 -6247 -1875 9145 -792 -6490 467 3892 -7466 -1723 1780 9948 1605 1240 9134 -9328 5428 9964 9865 1456 8271 2687 -2547 
-8495 7066 -1004 -5491 4537 -8455 6931 5012 -4772 6173 -1584 6191 4273 -8104 3023 -6082 -9003 -8141 9365 -4900 7480 -4206 5902 5321 560 9087 8280 5225 -5206 -4284 -199 -9311 1988 5491 -2237 -3616 1504 751 -9380 108 -5153 8869 1038 -7883 7260 3147 -5576 9635 -3152 221 
-2342 753 -1580 -772 -1794 -8815 6880 -4070 -14 -7684 -2728 6688 8501 7694 7350 -6642 -5334 3879 5521 -310 2782 -7017 2781 -3382 -7230 -5801 2061 7335 5649 -6981 7786 -123 -8872 -1636 -9033 -6175 -4155 1806 6716 -6960 2585 -9582 -9719 5228 9940 552 -2821 -7694 -7186 7606 
4471 -9360 8849 4964 -1730 -6731 -6445 5465 -263 3995 -303 5877 1700 -1805 -5645 1697 8849 -2924 9103 665 -7840 -8474 -7412 4833 -980 -5192 5955 9877 2044 4428 -1473 7790 4288 5534 2991 8349 8861 8506 -3302 8814 2538 -3333 -9887 2188 9715 -150 -9085 1645 -14 -8198 
7300 7281 -7386 -4857 5248 -3681 -4583 4925 -1507 6587 -596 -4301 1692 -2730 124 8783 726 4008 600 -9869 -9895 -1623 -1251 -1182 -3505 6784 7751 3243 -3170 6243 6078 1633 -5450 -8270 -6178 -186 -5235 2387 4544 4797 346 1332 5809 5901 1259 8883 4476 6305 -4530 9306 
-1778 -5947 8848 -6826 2716 2140 -2092 -8381 -4056 -9067 4934 4471 4702 2229 -2808 5244 -3622 -9483 -3420 -7709 1955 5161 1172 -7749 5388 -9823 -4033 -4794 8995 179 5515 7388 2337 -1268 6430 -2911 -8328 4137 9751 -9650 4428 -5987 -7578 -6961 -1221 -1826 -9007 9842 868 -1817 
9554 -1692 964 -8168 4943 1757 -4036 -5863 -1568 3345 -4644 -7460 -3215 -2965 204 -234 9124 -2357 -2031 2881 4893 2977 5228 -4854 -735 2291 8120 129 8430 -583 160 4431 -9013 -9850 -8431 -4937 -1710 -9703 -3004 5565 -8037 -4486 9421 3050 -9646 8145 -525 -8780 -9974 -4107 
-7069 8343 3237 8102 2738 3669 447 4219 -3211 -1700 -2123 -1426 354 -6207 -4461 1451 6265 8408 -7668 7138 3309 7343 2964 -5652 -4138 1488 -2721 -5784 -9473 -9365 -8100 8644 -6018 8531 -6887 349 8430 9356 5560 9431 -1444 -3940 8402 1747 -3445 2497 -5814 -8604 -992 -4470 
-7994 -5893 -2807 9372 -3692 -3959 -1458 -1492 3825 3914 866 226 5674 1521 -8561 8028 -691 9246 9842 5058 773 8947 606 -6567 -5499 -8123 8965 -3496 -1838 -3183 -3363 797 -585 -8016 -7285 8360 -9518 5658 4672 746 8224 2953 -6855 7643 -7263 -8720 -8764 -3148 -1434 -187 
-6420 9818 9146 8973 -4564 5690 5188 -6313 3353 2005 4962 -4725 -5934 8266 8425 424 4048 1501 4218 -5255 8886 -475 -2551 -7265 -2754 -1236 2572 -8357 -8721 -6471 5929 -8383 7232 -3446 4689 -4141 2867 2948 5647 3036 -8197 -8053 1003 -122 1184 5590 -8986 -548 -3877 -1589 
7998 5036 -4333 6444 -6626 8667 4904 8698 798 -9696 2812 -2717 7871 3615 -9816 -1669 5302 108 -4794 2084 4916 6591 2260 -5740 5202 2682 -5452 8764 -728 704 26 2214 6633 2030 -8859 6723 7434 -4126 -1198 -1021 2194 -3885 -8740 -5348 4802 8705 -7163 9069 8554 5079 
-6544 5421 -2083 -158 -6044 -2785 483 7313 1234 -5133 -1987 -2647 4607 -6689 -4789 8634 2132 -1280 -9563 6408 -8897 2638 4737 -7093 740 -9106 9996 -1121 -9381 5470 -2775 1862 -161 -378 -8407 -4971 -4785 -1239 6460 -1324 56 -5037 5641 -2324 -1469 -1293 5844 4000 -2788 -3972 
-8394 763 3950 -2566 -637 -7114 2811 -5070 -5377 -7605 -5180 -2018 -5795 -4918 1066 669 -2476 7752 -3860 5534 5018 1718 -6393 -6666 -2975 -6833 -4099 -5085 -3310 3439 -4962 608 -7675 6068 9554 -7451 4313 -4327 2669 896 -8298 8113 -28 283 7071 3480 -3031 -1007 1036 1979 
803 6438 1232 1850 -4929 -8006 3532 -7935 1104 4382 -807 561 -7952 -5236 -5059 7479 8826 9171 -7315 -2557 2230 -6027 6072 -2991 9166 6998 5471 -4523 -3563 -5170 -6636 4331 6017 -7811 -1488 2568 7377 7630 -7033 8523 6192 -906 -3391 -4961 -9500 -7641 9116 -5966 4488 6299 
6150 -8950 -5541 9268 6841 9038 4153 3116 210 4762 5880 -2847 5946 9095 7604 2842 -4826 -4409 -4761 2818 5815 2794 -688 1973 1144 -2455 2170 4345 4329 176 4991 6983 5585 7647 -3721 -3586 -4804 -9061 9721 855 9895 1959 -6286 -9632 7273 -7310 -6897 -6588 -8046 -7569 
4945 -9921 8236 -2527 -1069 7410 7950 3276 1830 9012 2683 6363 7452 -7854 3171 6780 -3395 8507 -9711 -8929 -3285 4103 5949 -6797 -3176 7006 -7514 -8893 -8038 8018 9669 9238 -1890 -3868 -8235 3686 21 2386 -9067 -2689 -5265 -2589 -9874 -7903 9249 -4921 -2719 2675 -3209 -831 
-1706 4232 8892 -6414 -2189 -5312 -2395 5447 -1959 -9709 5482 -1112 6899 -103 6608 -318 -4660 6039 -4848 -8129 -7481 9026 -6708 1545 -5242 2250 3815 -6417 2479 9082 3659 -863 -6972 8409 4052 7654 -6188 -1738 -7828 918 1929 -8291 -4062 -6006 -1776 -7255 -7622 902 -8574 9070 
-1180 7949 -2116 -4996 437 -4503 -9794 3887 -4187 7278 -5726 6786 1669 8231 -9901 -1967 5947 239 -3303 -5980 9200 3957 -2748 4532 -2574 -8412 5853 2772 -8161 5839 -9424 -2093 9003 -1022 -4814 3974 -97 8512 -4711 6863 4639 -6548 1424 -440 9066 -9238 -1714 4160 3430 8428 
9524 -6184 -7289 -6743 7763 -8381 -466 -538 2000 -2980 -8812 -4640 8865 -745 -2955 4365 -3728 -5807 -424 -4526 -8757 8032 2509 975 -998 -5215 -9040 2968 -1149 -24 -910 -1969 4793 6854 8236 3769 317 -1384 -5146 -7201 -3251 -6797 1310 -2858 2750 -3359 771 3090 6366 4914 
6073 471 8264 -7960 8486 -312 6762 3707 -939 3923 -893 475 -7569 5217 6591 -7442 -5260 368 4888 2318 5594 9616 -4309 -5766 3847 8953 -8954 8748 -7923 2194 -439 -553 -8220 -1129 1178 3591 -8027 255 -9740 -232 5370 7425 -7105 -2643 6880 -6944 3649 -1755 -7000 8580 
7283 -1001 -325 -3432 6460 -1018 -8305 -4018 -8632 -6662 8369 4899 434 -848 -277 6447 -6091 2863 -1793 -5013 2951 -7463 1338 1994 -9221 -26 6794 4346 -7843 8923 -6041 -3091 2033 6259 -828 4827 4585 -4465 4855 -3974 -5089 7420 -2416 -7256 -117 3085 -3204 7520 -7229 -1749 
-4753 -4872 -1463 -2276 8196 -4902 3034 -3892 -3187 -4803 1286 -1313 -4366 -994 -8617 -1191 -5384 -3291 -2574 -7098 3145 -9245 -5185 -8920 -6455 -9538 5961 3447 6686 -4455 5710 3859 427 6126 -4056 1739 2541 2213 -6106 4319 -1782 -706 3988 -6308 -1773 5659 -8528 2254 6463 -1658 
9622 3168 -6336 -351 6280 -9542 -9047 -2338 -3234 3086 -4232 7773 -3611 7705 4950 -517 -5366 -9969 6922 -9193 5570 -2388 8472 -2674 -926 -9567 -1401 9809 -2513 -151 2683 -3848 7992 2864 -5010 6514 -7603 7740 3265 1308 4735 -8831 9391 -9530 -3640 5279 6163 2090 -491 -8892 
-6932 2367 -736 -1080 9352 3024 8976 4173 -60 -9800 -9468 -2190 -7957 9375 -290 -2553 1251 -2709 9076 -5011 2784 1688 132 -6092 7273 2680 6246 1214 -7357 8720 -9673 -7486 -718 -1036 -5327 3948 -2638 2141 -4005 2554 -8252 883 -4858 590 -1789 4572 4948 374 -1042 1854 
-4926 -127 6913 -5062 -7552 -9786 1433 -9275 -301 250 -9703 -4134 -2087 -7776 -6488 7669 9716 -1882 409 923 -6030 5268 -3507 -168 843 -5456 -9750 -7896 132 -8297 -4825 1754 7996 -85 -8974 8372 7808 -7948 -6662 4947 -1376 -7707 2748 2799 788 2896 8685 7811 5000 858 
-105 -8467 -6689 -953 -6104 2254 -1795 -8706 96 -5497 5069 -4882 -9140 -1751 9605 -9566 4635 -8568 -4992 -7373 -3169 7769 8089 8062 -2346 8913 -1986 3084 903 1087 -2132 -8204 7799 -9772 9404 6174 8203 4464 -7481 994 6867 634 -3639 -3021 -8237 -725 7723 9865 4696 2684 


