IN:
1
1
1
OUT:
1 

empty
IN:
10
1 1 1 1 1 1 1 1 1 1
1
OUT:
1 1 1 1 1 1 1 1 1 1 

empty
IN:
10
5 5 5 5 5 1 1 1 1 1
1
OUT:
5 5 5 5 5 1 1 1 1 1 

5 5 5 5 5 

IN:
10
1 2 3 4 1 6 7 8 9 1
1
OUT:
1 2 3 4 1 6 7 8 9 1 

9 2 3 4 8 6 7 

IN:
61
482 598 735 52 617 75 260 148 979 815 38 598 349 719 544 339 274 115 637 35 598 608 858 584 598 90 960 350 872 488 120 187 111 882 361 222 525 609 945 351 989 598 106 610 306 468 332 919 690 33 554 219 391 598 998 173 829 950 197 730 894
598
OUT:
482 598 735 52 617 75 260 148 979 815 38 598 349 719 544 339 274 115 637 35 598 608 858 584 598 90 960 350 872 488 120 187 111 882 361 222 525 609 945 351 989 598 106 610 306 468 332 919 690 33 554 219 391 598 998 173 829 950 197 730 894 

482 894 735 52 617 75 260 148 979 815 38 730 349 719 544 339 274 115 637 35 197 608 858 584 950 90 960 350 872 488 120 187 111 882 361 222 525 609 945 351 989 829 106 610 306 468 332 919 690 33 554 219 391 173 998 
